23328568
23328570
23328571
23328572
23328574
23328612
23328613
26175432
26175438
26175441
27759781
28018709
34861621
34922488
35605234
35605312
35678659
37799038
39529496
39540693
39540695
39542383
39542384
39542386
39542387
39542388
39542389
39542390
39542391
39542392
39542393
39542395
39542396
39542397
39542398
39542399
39542400
39598186
39598196
39598206
39598225
39598231
39598416
39598422
40477712
40641810
40644296
40644297
40644298
40644299
40644300
40644302
40644303
40644306
40644307
40644309
40644310
40644313
40644314
40877872
40983265
40983266
40983267
40983268
40983269
40983270
40983271
40983272
40983273
40983274
40983275
40983276
40983277
40983278
40983423
40983871
40983874
42243964
42243965
42243966
42243967
42243993
44691562
44691564
44691566
44691567
44691570
44691583
44691584
44691585
44691586
44691589
44691591
44691592
44691593
44691594
44691596
44691599
44691602
44691605
44691612
44691613
44691614
44691615
44691616
44691617
44691619
44691621
44691635
44691636
44691637
44691640
44691641
44691642
44691644
44691651
44691652
44691653
44691654
44691655
44691657
44691745
44691746
44691750
44691751
44691752
44691753
44691757
44691758
44691759
44691760
44691761
44691769
44691777
44691778
45324368
45324704
45324868
45324874
45324875
45324899
45325511
45325512
45325513
45325520
45325521
45325523
45325530
45326122
45326577
45326578
45780330
45780952
45781070
45781266
45782609
45782779
45782787
45782820
45784320
45786297
45786301
45786458
45786459
46676881
466768814
466768815
466768816
466768817
466768818
466768819
466768810
466768811
466768812
466768813
47244941
47244942
47244943
47244944
48014912
48014913
48014914
48014915
48014917
48014918
48014919
48014920
48014921
48036244
48036245
48036246
48036247
48036248
48036249
48036250
48036251
48036252
48036253
48036254
48036549
48036550
48133734
48133735
48133736
48133737
48133738
48166793
48172601
48179170
48184443
48184463
48184547
48270852
48270853
48270854
48270855
48270856
48270857
48270858
48270859
48270860
48270861
48270862
48270863
48270864
48270865
48270866
48666205
48666206
48666264
48666265
48666267
48666413
48666604
48666605
48666607
48666608
48907790
48988791
49151378
49151386
49356727
49356728
49356729
49356730
49356731
49356732
49356733
49356734
49356735
49356736
49356737
49356738
49356739
49356740
49356741
49356742
49356743
49356744
49356745
49356746
49356747
49356748
49356749
49623589
496235890
496235891
496235892
496235893
496235894
496235895
496235896
496235897
496235898
496235899
49623600
49623607
49623608
49623610
49623613
49623615
49623617
49623618
49623620
49623622
49623624
49623626
49623627
49623629
49623630
49623631
49623632
49623634
49623636
49623638
49684431
49684432
496844320
496844321
496844322
496844323
496844324
496844325
496844326
496844327
496844328
496844329
49684436
49685225
49685226
49685227
49685228
49685230
49685232
49744817
49744818
49744819
49906052
49906053
49906204
49906333
49906334
50075036
50075037
50075637
50075638
50075639
50075640
50075641
50075642
50075643
50075644
50075646
50149286
50149287
501492870
501492871
501492872
501492873
501492874
501492875
501492876
501492877
501492878
501492879
50149291
50149292
50306285
50306286
50306414
50308206
50308207
51139284
51142255
51142263
51142270
51142630
51142631
51142636
51142637
51142638
51142639
51142640
51142641
51142642
51142643
51142644
51142648
51189508
51189509
51189510
51199621
51199622
51199623
51199624
51199625
51199626
51199627
51199628
51199629
51199630
51199631
51200266
51205178
51205179
51205180
51205181
51205182
51205184
51225883
51225886
51268041
51268042
51268046
51270415
51270422
51272618
51272633
51340088
51340089
51340090
51340091
51340092
51340093
51340094
51340095
51340097
51340099
51340100
51341185
51341186
51341187
51341188
51341189
51341191
51341192
51341193
51343078
51343079
51343080
51343081
51343082
51350694
51355779
51355780
51355781
51355782
51355783
51355784
51355785
51355786
51355788
51355789
51355790
51355791
51355792
51355939
51355940
51398095
51398096
51399353
51399354
51399355
51403905
51414369
51414370
51414371
51414373
51479583
51479585
51479587
51487563
514875630
514875631
514875632
514875633
514875634
514875635
514875636
514875637
514875638
514875639
51525355
51542671
51542672
51542673
51542674
51542675
51542676
51542677
51542678
51542679
51542680
51542681
51542682
51542683
51543926
51543931
51547855
51547856
51547857
51547858
51547861
51547952
51547953
51547956
51547957
51548270
51655447
51683150
51683151
51683152
51683153
51683154
51683155
51683156
51683157
51683159
51683160
51683161
51683162
51683163
51683164
51683165
51683166
51683167
51683168
51683169
51683170
51683171
51683172
51683173
51683174
51683175
51683176
51683177
51683178
51683179
51683180
51683181
51683182
51683183
51683184
51683185
51683186
51683187
51684482
51684483
51684484
51684485
51684486
51684487
51684488
51684489
51684490
51684492
51684493
51684494
51684495
51684496
51684497
51684498
51684499
51684500
51684501
51684502
51684503
51684504
51684505
51684506
51684507
51684508
51684509
51684510
51684514
51684515
51684516
51684517
51684518
51684520
51684522
51684523
51684524
51684525
51694768
51694769
51696526
51696531
51696533
51696535
51696536
51696538
51696539
51696540
51696541
51696550
51696551
51696552
51696553
51696554
51696555
51696556
51696557
51696558
51696559
51696560
51696561
51696562
51696563
51696564
51696565
51696566
51696567
51696568
51696569
51696570
51696571
51696572
51696573
51696574
51696575
51696576
51696577
51696578
51696579
51696580
51696581
51696582
51696583
51696584
51696585
51696586
51696587
51696588
51696589
51696590
51696591
51696592
51696593
51696594
51696595
51702086
51702087
51702088
51702091
51702093
51702095
51702097
51702100
51702102
51702106
51702107
51702109
51702111
51702116
51702118
51702120
51702122
51702124
51702125
51702126
51702128
51702130
51702132
51702133
51702134
51702136
51702143
51702407
51716217
51716218
51716219
51716220
51716221
51716223
51716224
51716225
51716226
51716227
51716228
51716229
51716230
51716231
51716232
51716233
51716234
51716235
51716236
51716237
51716238
51716239
51716240
51716241
51716243
51716245
51716246
51716247
51716249
51716250
51716251
51716252
51716253
51716254
51716255
51716256
51716257
51716258
51716259
51716260
51716261
51716262
51716263
51716264
51716265
51716266
51716267
51716268
51716269
51716270
51716271
51716272
51716273
51716274
51716361
51716362
51716363
51716364
51716365
51716366
51716367
51716368
51716369
51716370
51716371
51716454
51716455
51716456
51716457
51716458
51716459
51716460
51716461
51716462
51716463
51716464
51716465
51716466
51716467
51716468
51716469
51716470
51716471
51716472
51716473
51716553
51716554
51716555
51716556
51716557
51716558
51716559
51716560
51716561
51716562
51716563
51716565
51716566
51716567
51716568
51716569
51716570
51716571
51716572
51716573
51716574
51716575
51716576
51716577
51716578
51716579
51719770
51719771
51719772
51719773
51719774
51719776
51719777
51719778
51719779
51719780
51719783
51723267
51723277
51723278
51729659
51729661
51729662
51729663
51729664
51729665
51729666
51744676
51744677
51744678
51744679
51744680
51744681
51744693
51744695
51744696
51744697
51744698
51744699
51744700
51744701
51748686
51748687
51748688
51748689
51748694
51748697
51748699
51748700
51748702
51748703
51748704
51748705
51748706
51748707
51750388
51750389
51750410
51818687
51818688
51818690
52018788
52018789
52018791
52018794
52018795
52018796
52018797
52018798
52018801
52018802
52018803
52018806
52030490
52030491
52030492
52030493
52030494
52030495
52030496
52030497
52041191
52096847
52096848
52096849
52096850
52096851
52096852
52096853
52096854
52096855
52459619
52459621
52459622
52460030
52868913
52868914
52868915
52868916
52868917
52869671
53535997
53837973
53837976
53837979
54363204
54363205
55289606
55289609
55289610
55289611
55289614
55289615
55289617
55289619
55335256
55335516
55338749
55350832
55350833
55350834
55350835
55350836
55361363
55462382
55462383
55462384
55462767
55463680
55480854
55480967
55480968
55480969
55480970
55480971
55480972
55493434
55493435
55493729
55493730
55493731
55493732
55495977
55495978
55495979
55495980
55495981
55495982
55495983
55495984
55495985
55495986
55495987
55495988
55495989
55495990
55672769
55672770
55672771
55672772
55672773
55672774
55672775
55672776
55672777
55672778
55672779
55672780
55672781
55672782
55672783
55672784
55672785
55672786
55672787
55672788
55672789
55672790
55672791
55953203
55953204
55953206
55953207
55953208
55953209
55953210
55953212
55953213
55953214
55953215
55953216
55953217
55953218
55953220
55953221
55953222
55953223
55953224
55953225
55953226
55953227
55953229
55953230
55953231
55953232
55953234
55953235
55953236
55953933
55953934
55954176
55954177
55954178
55954179
55954180
55954181
55954182
55954183
55954184
55954385
55954386
55954387
55954388
55954389
55954390
55954391
55954392
55954393
55954394
55954396
55954397
55954398
55954399
55954400
55954401
55954402
55954403
56009487
56009488
56009489
56009490
56009491
56009492
56009493
56009494
56009495
56009496
56009497
56009498
56009837
56009838
56009839
56009840
56009842
56009843
