252613842
252613862
252613869
252613870
252613876
252613882
252705262
252966586
286639339
286639372
301509356
417293541
575903877
575932021
582920594
582920595
582920602
582920603
582920624
582920625
582920626
582920630
582920632
582920634
582920636
582920638
582920641
582920659
582920666
582920669
582920673
582920678
582920688
582920692
582920697
582920711
582920714
582997550
583022051
611735368
612013072
613341683
617933828
634248714
634248718
639158457
639158459
639162742
639162754
639169021
639169023
639172839
641112821
641112823
652423688
652425125
652425439
653265496
654179831
654179833
655162249
655162258
656330243
656784929
656784937
656784954
656784973
656784977
656784992
656785016
656785081
656785085
656785135
656798643
656798648
656798651
656798654
656798658
656798660
656798662
656798665
656798666
656798669
658998947
658998991
659779360
659779367
659792616
659792630
659918455
660085754
660108585
660108588
660108600
660108711
660114101
660116609
660116613
660116615
660466807
660466842
660988882
660989285
661070513
661070516
662882732
663394550
663394552
663394555
663394565
663394567
663394622
663394651
663394656
663934997
663935006
669926641
669926643
669932100
669932101
669932102
669932103
669932104
669932106
669932107
669932108
669932110
671226781
671226823
671226850
671226916
671227055
671228534
672327471
674968166
674968167
674968168
674968169
674968170
674968171
674968173
676312584
676312585
677352784
685119013
685119015
685119016
685119017
685119019
687250094
687303561
687303565
687311411
697224272
697224273
697224276
697224277
697224278
697224279
697224280
697224281
699538120
699538123
699538174
702385333
